0.27951 0.41453
0.92518 0.12952
0.12417 0.34982
0.62582 0.83391
0.69485 0.15006
0.78112 0.36661
0.93678 0.14539
0.85117 0.11952
0.81759 0.39418
0.90400 0.15166
0.90256 0.52630
0.29126 0.85197
0.35028 0.85406
0.74119 0.13720
0.71418 0.85271
0.74472 0.93557
0.06827 0.91334
0.61865 0.98554
0.24083 0.54975
0.89657 0.66520
0.89065 0.64023
0.15840 0.52791
0.92585 0.46194
0.19984 0.96464
0.30341 0.15215
0.65596 0.34091
0.59446 0.24665
0.12094 0.60697
0.22095 0.30367
0.19719 0.68459
0.90470 0.54314
0.21039 0.46364
0.39196 0.39954
0.94748 0.45848
0.77284 0.90487
0.31688 0.68084
0.88306 0.65139
0.35535 0.07489
0.10970 0.51471
0.27550 0.56627
0.00612 0.39461
0.97891 0.92359
0.11530 0.51656
0.56960 0.88377
0.29474 0.66063
0.26517 0.40707
0.19664 0.39117
0.79141 0.20017
0.78080 0.56072
0.89096 0.36313
0.29729 0.18029
0.20740 0.90574
0.87361 0.07861
0.20833 0.05917
0.05684 0.52031
0.37274 0.53879
0.60240 0.29223
0.92868 0.84229
0.75505 0.38506
0.53250 0.08483
0.84706 0.74900
0.42637 0.95991
0.43731 0.15727
0.49787 0.99195
0.45247 0.70438
0.94625 0.02744
0.96704 0.14894
0.79204 0.74673
0.79872 0.20007
0.55904 0.11273
0.00550 0.97334
0.12283 0.98887
0.48224 0.50607
0.92426 0.43164
0.08035 0.23481
0.65856 0.30732
0.25242 0.27982
0.79239 0.20430
0.97204 0.84691
0.15831 0.05771
0.24363 0.90612
0.70662 0.30910
0.62050 0.91607
0.73966 0.76757
0.84427 0.87320
0.54860 0.98904
0.63457 0.53447
0.95431 0.95544
0.25268 0.71276
0.41393 0.01504
0.27276 0.01482
0.88624 0.47937
0.88378 0.98658
0.79975 0.39096
0.45618 0.06919
0.18693 0.85195
0.31100 0.03682
0.24055 0.89738
0.97340 0.18519
0.31900 0.31144

0.83360 0.15766
0.82879 0.16889
0.82290 0.18160
0.81589 0.19580
0.80770 0.21144
0.79830 0.22843
0.78770 0.24664
0.77596 0.26593
0.76316 0.28619
0.74943 0.30737
0.73489 0.32948
0.71966 0.35254
0.70387 0.37655
0.68761 0.40141
0.67095 0.42690
0.65396 0.45260
0.63662 0.47802
0.61896 0.50257
0.60082 0.52565
0.58215 0.54672
0.56278 0.56520
0.54265 0.58048
0.52204 0.59195
0.50101 0.59901
0.48035 0.60086
0.46075 0.59747
0.44285 0.58866
0.42730 0.57497
0.41487 0.55678
0.40563 0.53528
0.39986 0.51090
0.39661 0.48453
0.39633 0.45672
0.39832 0.42796
0.40178 0.39869
0.40626 0.36906
0.41128 0.33968
0.41577 0.31088
0.41914 0.28323
0.42055 0.25700
0.41916 0.23257
0.41435 0.21029
0.40542 0.19041
0.39213 0.17326
0.37438 0.15913
0.35252 0.14837
0.32733 0.14131
0.29999 0.13820
0.27191 0.13918
0.24457 0.14426
0.21923 0.15336
0.19679 0.16633
0.17775 0.18303
0.16217 0.20339
0.14987 0.22736
0.14051 0.25490
0.13364 0.28589
0.12885 0.32008
0.12573 0.35701
0.12394 0.39610
0.12320 0.43661
0.12329 0.47780
0.12410 0.51894
0.12560 0.55941
0.12785 0.59862
0.13103 0.63604
0.13537 0.67118
0.14117 0.70358
0.14876 0.73285
0.15852 0.75871
0.17079 0.78103
0.18594 0.79982
0.20430 0.81526
0.22614 0.82762
0.25165 0.83728
0.28086 0.84466
0.31365 0.85018
0.34968 0.85425
0.38843 0.85724
0.42925 0.85940
0.47139 0.86086
0.51406 0.86160
0.55650 0.86150
0.59800 0.86028
0.63788 0.85762
0.67555 0.85318
0.71049 0.84663
0.74230 0.83771
0.77068 0.82625
0.79549 0.81223
0.81674 0.79573
0.83456 0.77702
0.84920 0.75648
0.86095 0.73463
0.87021 0.71208
0.87734 0.68942
0.88273 0.66719
0.88671 0.64584
0.88959 0.62557
0.89144 0.60655

